  -122      0
   -12    -47
   -24    -31
   -42    -37
     2    -23
     9    -18
    -9    -15
    -4    -33
    -2    -18
     2    -28
     0    -37
   -10    -31
    -5    -28
    -2    -27
    -1    -44
    -7    -27
     9    -29
     9    -42
    11    -46
     5    -42
    12    -42
    16    -49
    21    -67
    19    -48
    12    -42
    20    -54
    21    -63
    28    -64
    21    -61
    23    -72
    28    -81
    64   -164
    31    -74
    35    -81
    45   -109
   119   -255
   111   -231
   109   -215
    20    -36
    39    -66
    46    -84
    49    -92
    55    -96
    67   -122
    82   -133
    86   -142
   100   -155
   129   -191
   139   -212
   194   -294
   545   -770
   457   -631
   395   -536
   -49     70
    58    -75
   100   -118
   151   -187
   227   -260
   367   -417
  1039  -1166
   747   -833
  -134    126
   107   -121
   311   -297
   594   -582
  2407  -2326
   624   -609
  1195  -1128
  -901    796
   245   -236
  -722    616
  -433    364
  -342    282
  -267    207
  -152    107
   -34     25
   768   -567
  -667    480
  -401    278
  -331    217
  -271    183
  -250    153
  -223    138
  -197    118
  -198    128
  -182    113
  -139     73
  -127     64
    29    -17
  -222    114
   -33     17
  -260    128
   -86     46
  -253    122
  -223    100
  -192     84
  -178     73
  -175     71
  -172     66
  -164     58
  -129     47
  -186     64
  -167     55
  -165     54
  -148     46
  -149     46
  -153     46
  -152     37
  -148     35
  -157     39
  -131     32
  -139     31
  -143     26
  -136     28
  -158     23
  -153     17
  -150     23
  -138     19
  -148     19
  -132     12
  -143     15
  -140     11
  -135     11
  -132     11
  -134      6
  -128     14
  -136      6
  -140      6
  -134      0
  -138     -7
  -134     -9
  -126    -11
  -134     -5
  -131    -10
  -137     -9
  -140    -11
  -142    -14
  -132    -12
  -146    -19
  -140    -17
  -149    -22
  -150    -21
  -155    -22
  -135    -31
  -143    -25
  -139    -28
  -133    -30
  -159    -38
  -148    -34
  -152    -37
  -153    -45
  -149    -44
  -150    -46
  -164    -50
  -165    -53
  -184    -60
  -129    -45
  -165    -56
  -170    -65
  -176    -68
  -177    -72
  -193    -81
  -227    -99
  -253   -121
   -87    -45
  -263   -125
   -36    -14
  -223   -112
    30     20
  -125    -62
  -139    -70
  -183   -110
  -198   -125
  -196   -118
  -222   -135
  -251   -151
  -271   -182
  -328   -220
  -395   -280
  -663   -483
   769    568
   -35    -22
  -150   -107
  -268   -206
  -341   -283
  -433   -362
  -723   -615
   247    236
  -901   -795
  1196   1128
   623    609
  2407   2325
   594    582
   315    296
   110    117
  -131   -128
   749    832
  1041   1164
   368    416
   229    260
   154    186
   105    117
    62     77
   -48    -69
   398    533
   463    628
   549    768
   201    289
   141    211
   132    189
   101    154
    87    138
    82    132
    66    121
    51     95
    49     92
    45     81
    34     66
    21     35
   108    212
   110    232
   123    254
    45    106
    36     80
    32     73
    65    167
    34     82
    26     70
    21     61
    24     64
    19     59
    17     56
    12     46
    13     56
    17     72
    12     55
    12     43
     7     41
    13     46
    13     39
    11     28
     6     30
    12     43
    15     25
     6     25
    -6     25
     4     27
     4     24
     5     15
    -2     31
    -1     29
    10     23
    12     18
     2     36
     6     22
    34     34
