    -129        0
     -17      -79
     -23      -90
     -38     -109
      15     -122
      13     -163
       5     -179
      18     -229
      19     -233
      28     -273
      33     -327
      33     -342
      58     -438
      57     -378
      65     -427
      78     -475
     140     -692
     105     -510
     125     -567
     145     -635
     283    -1109
     178     -666
     203     -719
     242     -827
     521    -1726
     239     -744
     289     -864
     324     -942
     362    -1001
     412    -1116
     460    -1186
     526    -1307
     581    -1397
     682    -1592
     835    -1881
    1138    -2489
    4885   -10319
     105     -223
     604    -1198
     913    -1749
    1341    -2505
    4947    -8992
     689    -1223
    5450    -9340
    -263      453
     468     -755
     804    -1268
    1106    -1715
    1401    -2100
    1772    -2576
    2303    -3260
    3463    -4791
   13848   -18680
   -1202     1565
     907    -1170
    1873    -2337
    2753    -3355
    3854    -4578
    5510    -6383
    9023   -10203
   31607   -34890
   23714   -25548
   16469   -17330
  -14291    14631
   -7265     7248
   -4766     4638
   -3339     3172
   -2305     2136
   -1405     1266
    -516      448
     617     -529
    2371    -1990
    6304    -5168
   35648   -28519
  -16396    12784
   -7258     5519
   -4307     3199
   -1765     1270
    8984    -6330
   -9378     6429
   -5569     3721
   -4328     2817
   -3597     2283
   -3027     1859
   -2369     1421
   -1356      796
    3905    -2215
   -5897     3242
   -3489     1864
   -2331     1212
    1392     -693
   -5321     2595
   -3564     1677
   -2864     1310
   -2186      964
      61      -24
   -3444     1424
     515     -209
   -5636     2176
   -3927     1462
   -3427     1229
   -3116     1078
   -2848      940
   -2117      671
   -3439     1045
   -2963      862
   -2821      783
   -2677      703
   -2370      592
   -2897      690
   -2658      598
   -2474      519
   -2746      545
   -2592      478
   -2551      444
   -2472      398
   -2539      375
   -2482      339
   -2471      296
   -2436      278
   -2431      243
   -2415      209
   -2413      174
   -2384      144
   -2379      118
   -2370       92
   -2378       57
   -2379       33
   -2393        0
   -2377      -29
   -2377      -56
   -2370      -95
   -2379     -116
   -2385     -143
   -2413     -173
   -2416     -209
   -2431     -241
   -2436     -277
   -2471     -297
   -2479     -336
   -2538     -376
   -2473     -400
   -2551     -445
   -2592     -481
   -2746     -544
   -2475     -520
   -2659     -595
   -2897     -689
   -2371     -591
   -2674     -702
   -2823     -781
   -2964     -859
   -3441    -1044
   -2117     -664
   -2847     -934
   -3116    -1076
   -3428    -1227
   -3924    -1460
   -5636    -2174
     514      211
   -3443    -1423
      58       26
   -2185     -963
   -2862    -1311
   -3563    -1675
   -5325    -2591
    1390      696
   -2333    -1207
   -3489    -1863
   -5897    -3240
    3907     2215
   -1358     -794
   -2369    -1419
   -3026    -1859
   -3596    -2280
   -4326    -2815
   -5569    -3720
   -9374    -6430
    8985     6330
   -1763    -1271
   -4306    -3200
   -7256    -5517
  -16395   -12788
   35649    28521
    6303     5167
    2368     1990
     618      531
    -517     -445
   -1405    -1266
   -2304    -2134
   -3339    -3172
   -4765    -4639
   -7265    -7248
  -14288   -14630
   16471    17330
   23717    25548
   31609    34888
    9024    10202
    5511     6381
    3855     4576
    2756     3354
    1876     2337
     914     1172
   -1200    -1569
   13851    18679
    3469     4788
    2306     3258
    1776     2571
    1403     2099
    1106     1713
     803     1263
     471      753
    -263     -453
    5448     9336
     687     1219
    4943     8992
    1341     2502
     913     1748
     602     1203
     105      223
    4886    10319
    1140     2486
     834     1880
     683     1592
     582     1396
     529     1307
     462     1184
     415     1114
     361     1001
     320      944
     286      862
     237      745
     523     1731
     237      830
     201      725
     177      671
     282     1110
     151      636
     126      566
     106      511
     142      691
      90      476
      79      430
      72      376
      69      437
      40      337
      35      318
      30      270
      27      229
      17      227
       9      190
      14      168
      25      118
       4      106
       8       73
      27       63
